(
(0.000000 0.000012)
(0.010000 0.000009)
(0.020000 0.000009)
(0.030000 0.000010)
(0.040000 0.000013)
(0.050000 0.000017)
(0.060000 0.000022)
(0.070000 0.000031)
(0.080000 0.000044)
(0.090000 0.000058)
(0.100000 0.000070)
(0.110000 0.000083)
(0.120000 0.000094)
(0.130000 0.000101)
(0.140000 0.000108)
(0.150000 0.000115)
(0.160000 0.000119)
(0.170000 0.000119)
(0.180000 0.000121)
(0.190000 0.000120)
(0.200000 0.000119)
(0.210000 0.000119)
(0.220000 0.000116)
(0.230000 0.000111)
(0.240000 0.000107)
(0.250000 0.000101)
(0.260000 0.000095)
(0.270000 0.000090)
(0.280000 0.000085)
(0.290000 0.000080)
(0.300000 0.000075)
(0.310000 0.000070)
(0.320000 0.000065)
(0.330000 0.000060)
(0.340000 0.000054)
(0.350000 0.000049)
(0.360000 0.000042)
(0.370000 0.000037)
(0.380000 0.000030)
(0.390000 0.000025)
(0.400000 0.000020)
(0.410000 0.000015)
(0.420000 0.000010)
(0.430000 0.000009)
(0.440000 0.000008)
(0.450000 0.000007)
(0.460000 0.000007)
(0.470000 0.000007)
(0.480000 0.000007)
(0.490000 0.000007)
(0.500000 0.000008)
(0.510000 0.000009)
(0.520000 0.000009)
(0.530000 0.000010)
(0.540000 0.000011)
(0.550000 0.000012)
(0.560000 0.000013)
(0.570000 0.000013)
(0.580000 0.000014)
(0.590000 0.000014)
(0.600000 0.000014)
(0.610000 0.000015)
(0.620000 0.000015)
(0.630000 0.000015)
(0.640000 0.000015)
(0.650000 0.000016)
(0.660000 0.000016)
(0.670000 0.000017)
(0.680000 0.000017)
(0.690000 0.000018)
(0.700000 0.000018)
(0.710000 0.000018)
(0.720000 0.000017)
(0.730000 0.000016)
(0.740000 0.000015)
(0.750000 0.000014)
(0.760000 0.000013)
(0.770000 0.000012)
(0.780000 0.000012)
(0.790000 0.000012)
(0.800000 0.000011)
(0.810000 0.000011)
(0.820000 0.000010)
(0.830000 0.000010)
(0.840000 0.000010)
(0.850000 0.000010)
(0.860000 0.000010)
(0.870000 0.000011)
(0.880000 0.000011)
(0.890000 0.000011)
(0.900000 0.000011)
(0.910000 0.000012)
(0.920000 0.000012)
(0.930000 0.000012)
(0.940000 0.000012)
(0.950000 0.000012)
(0.960000 0.000013)
(0.970000 0.000013)
(0.980000 0.000013)
(0.990000 0.000012)
(1.000000 0.000012)
(1.010000 0.000009)
(1.020000 0.000009)
(1.030000 0.000010)
(1.040000 0.000013)
(1.050000 0.000017)
(1.060000 0.000022)
(1.070000 0.000031)
(1.080000 0.000044)
(1.090000 0.000058)
(1.100000 0.000070)
(1.110000 0.000083)
(1.120000 0.000094)
(1.130000 0.000101)
(1.140000 0.000108)
(1.150000 0.000115)
(1.160000 0.000119)
(1.170000 0.000119)
(1.180000 0.000121)
(1.190000 0.000120)
(1.200000 0.000119)
(1.210000 0.000119)
(1.220000 0.000116)
(1.230000 0.000111)
(1.240000 0.000107)
(1.250000 0.000101)
(1.260000 0.000095)
(1.270000 0.000090)
(1.280000 0.000085)
(1.290000 0.000080)
(1.300000 0.000075)
(1.310000 0.000070)
(1.320000 0.000065)
(1.330000 0.000060)
(1.340000 0.000054)
(1.350000 0.000049)
(1.360000 0.000042)
(1.370000 0.000037)
(1.380000 0.000030)
(1.390000 0.000025)
(1.400000 0.000020)
(1.410000 0.000015)
(1.420000 0.000010)
(1.430000 0.000009)
(1.440000 0.000008)
(1.450000 0.000007)
(1.460000 0.000007)
(1.470000 0.000007)
(1.480000 0.000007)
(1.490000 0.000007)
(1.500000 0.000008)
(1.510000 0.000009)
(1.520000 0.000009)
(1.530000 0.000010)
(1.540000 0.000011)
(1.550000 0.000012)
(1.560000 0.000013)
(1.570000 0.000013)
(1.580000 0.000014)
(1.590000 0.000014)
(1.600000 0.000014)
(1.610000 0.000015)
(1.620000 0.000015)
(1.630000 0.000015)
(1.640000 0.000015)
(1.650000 0.000016)
(1.660000 0.000016)
(1.670000 0.000017)
(1.680000 0.000017)
(1.690000 0.000018)
(1.700000 0.000018)
(1.710000 0.000018)
(1.720000 0.000017)
(1.730000 0.000016)
(1.740000 0.000015)
(1.750000 0.000014)
(1.760000 0.000013)
(1.770000 0.000012)
(1.780000 0.000012)
(1.790000 0.000012)
(1.800000 0.000011)
(1.810000 0.000011)
(1.820000 0.000010)
(1.830000 0.000010)
(1.840000 0.000010)
(1.850000 0.000010)
(1.860000 0.000010)
(1.870000 0.000011)
(1.880000 0.000011)
(1.890000 0.000011)
(1.900000 0.000011)
(1.910000 0.000012)
(1.920000 0.000012)
(1.930000 0.000012)
(1.940000 0.000012)
(1.950000 0.000012)
(1.960000 0.000013)
(1.970000 0.000013)
(1.980000 0.000013)
(1.990000 0.000012)
(2.000000 0.000012)
(2.010000 0.000009)
(2.020000 0.000009)
(2.030000 0.000010)
(2.040000 0.000013)
(2.050000 0.000017)
(2.060000 0.000022)
(2.070000 0.000031)
(2.080000 0.000044)
(2.090000 0.000058)
(2.100000 0.000070)
(2.110000 0.000083)
(2.120000 0.000094)
(2.130000 0.000101)
(2.140000 0.000108)
(2.150000 0.000115)
(2.160000 0.000119)
(2.170000 0.000119)
(2.180000 0.000121)
(2.190000 0.000120)
(2.200000 0.000119)
(2.210000 0.000119)
(2.220000 0.000116)
(2.230000 0.000111)
(2.240000 0.000107)
(2.250000 0.000101)
(2.260000 0.000095)
(2.270000 0.000090)
(2.280000 0.000085)
(2.290000 0.000080)
(2.300000 0.000075)
(2.310000 0.000070)
(2.320000 0.000065)
(2.330000 0.000060)
(2.340000 0.000054)
(2.350000 0.000049)
(2.360000 0.000042)
(2.370000 0.000037)
(2.380000 0.000030)
(2.390000 0.000025)
(2.400000 0.000020)
(2.410000 0.000015)
(2.420000 0.000010)
(2.430000 0.000009)
(2.440000 0.000008)
(2.450000 0.000007)
(2.460000 0.000007)
(2.470000 0.000007)
(2.480000 0.000007)
(2.490000 0.000007)
(2.500000 0.000008)
(2.510000 0.000009)
(2.520000 0.000009)
(2.530000 0.000010)
(2.540000 0.000011)
(2.550000 0.000012)
(2.560000 0.000013)
(2.570000 0.000013)
(2.580000 0.000014)
(2.590000 0.000014)
(2.600000 0.000014)
(2.610000 0.000015)
(2.620000 0.000015)
(2.630000 0.000015)
(2.640000 0.000015)
(2.650000 0.000016)
(2.660000 0.000016)
(2.670000 0.000017)
(2.680000 0.000017)
(2.690000 0.000018)
(2.700000 0.000018)
(2.710000 0.000018)
(2.720000 0.000017)
(2.730000 0.000016)
(2.740000 0.000015)
(2.750000 0.000014)
(2.760000 0.000013)
(2.770000 0.000012)
(2.780000 0.000012)
(2.790000 0.000012)
(2.800000 0.000011)
(2.810000 0.000011)
(2.820000 0.000010)
(2.830000 0.000010)
(2.840000 0.000010)
(2.850000 0.000010)
(2.860000 0.000010)
(2.870000 0.000011)
(2.880000 0.000011)
(2.890000 0.000011)
(2.900000 0.000011)
(2.910000 0.000012)
(2.920000 0.000012)
(2.930000 0.000012)
(2.940000 0.000012)
(2.950000 0.000012)
(2.960000 0.000013)
(2.970000 0.000013)
(2.980000 0.000013)
(2.990000 0.000012)
(3.000000 0.000012)
(3.010000 0.000009)
(3.020000 0.000009)
(3.030000 0.000010)
(3.040000 0.000013)
(3.050000 0.000017)
(3.060000 0.000022)
(3.070000 0.000031)
(3.080000 0.000044)
(3.090000 0.000058)
(3.100000 0.000070)
(3.110000 0.000083)
(3.120000 0.000094)
(3.130000 0.000101)
(3.140000 0.000108)
(3.150000 0.000115)
(3.160000 0.000119)
(3.170000 0.000119)
(3.180000 0.000121)
(3.190000 0.000120)
(3.200000 0.000119)
(3.210000 0.000119)
(3.220000 0.000116)
(3.230000 0.000111)
(3.240000 0.000107)
(3.250000 0.000101)
(3.260000 0.000095)
(3.270000 0.000090)
(3.280000 0.000085)
(3.290000 0.000080)
(3.300000 0.000075)
(3.310000 0.000070)
(3.320000 0.000065)
(3.330000 0.000060)
(3.340000 0.000054)
(3.350000 0.000049)
(3.360000 0.000042)
(3.370000 0.000037)
(3.380000 0.000030)
(3.390000 0.000025)
(3.400000 0.000020)
(3.410000 0.000015)
(3.420000 0.000010)
(3.430000 0.000009)
(3.440000 0.000008)
(3.450000 0.000007)
(3.460000 0.000007)
(3.470000 0.000007)
(3.480000 0.000007)
(3.490000 0.000007)
(3.500000 0.000008)
(3.510000 0.000009)
(3.520000 0.000009)
(3.530000 0.000010)
(3.540000 0.000011)
(3.550000 0.000012)
(3.560000 0.000013)
(3.570000 0.000013)
(3.580000 0.000014)
(3.590000 0.000014)
(3.600000 0.000014)
(3.610000 0.000015)
(3.620000 0.000015)
(3.630000 0.000015)
(3.640000 0.000015)
(3.650000 0.000016)
(3.660000 0.000016)
(3.670000 0.000017)
(3.680000 0.000017)
(3.690000 0.000018)
(3.700000 0.000018)
(3.710000 0.000018)
(3.720000 0.000017)
(3.730000 0.000016)
(3.740000 0.000015)
(3.750000 0.000014)
(3.760000 0.000013)
(3.770000 0.000012)
(3.780000 0.000012)
(3.790000 0.000012)
(3.800000 0.000011)
(3.810000 0.000011)
(3.820000 0.000010)
(3.830000 0.000010)
(3.840000 0.000010)
(3.850000 0.000010)
(3.860000 0.000010)
(3.870000 0.000011)
(3.880000 0.000011)
(3.890000 0.000011)
(3.900000 0.000011)
(3.910000 0.000012)
(3.920000 0.000012)
(3.930000 0.000012)
(3.940000 0.000012)
(3.950000 0.000012)
(3.960000 0.000013)
(3.970000 0.000013)
(3.980000 0.000013)
(3.990000 0.000012)
(4.000000 0.000012)
(4.010000 0.000009)
(4.020000 0.000009)
(4.030000 0.000010)
(4.040000 0.000013)
(4.050000 0.000017)
(4.060000 0.000022)
(4.070000 0.000031)
(4.080000 0.000044)
(4.090000 0.000058)
(4.100000 0.000070)
(4.110000 0.000083)
(4.120000 0.000094)
(4.130000 0.000101)
(4.140000 0.000108)
(4.150000 0.000115)
(4.160000 0.000119)
(4.170000 0.000119)
(4.180000 0.000121)
(4.190000 0.000120)
(4.200000 0.000119)
(4.210000 0.000119)
(4.220000 0.000116)
(4.230000 0.000111)
(4.240000 0.000107)
(4.250000 0.000101)
(4.260000 0.000095)
(4.270000 0.000090)
(4.280000 0.000085)
(4.290000 0.000080)
(4.300000 0.000075)
(4.310000 0.000070)
(4.320000 0.000065)
(4.330000 0.000060)
(4.340000 0.000054)
(4.350000 0.000049)
(4.360000 0.000042)
(4.370000 0.000037)
(4.380000 0.000030)
(4.390000 0.000025)
(4.400000 0.000020)
(4.410000 0.000015)
(4.420000 0.000010)
(4.430000 0.000009)
(4.440000 0.000008)
(4.450000 0.000007)
(4.460000 0.000007)
(4.470000 0.000007)
(4.480000 0.000007)
(4.490000 0.000007)
(4.500000 0.000008)
(4.510000 0.000009)
(4.520000 0.000009)
(4.530000 0.000010)
(4.540000 0.000011)
(4.550000 0.000012)
(4.560000 0.000013)
(4.570000 0.000013)
(4.580000 0.000014)
(4.590000 0.000014)
(4.600000 0.000014)
(4.610000 0.000015)
(4.620000 0.000015)
(4.630000 0.000015)
(4.640000 0.000015)
(4.650000 0.000016)
(4.660000 0.000016)
(4.670000 0.000017)
(4.680000 0.000017)
(4.690000 0.000018)
(4.700000 0.000018)
(4.710000 0.000018)
(4.720000 0.000017)
(4.730000 0.000016)
(4.740000 0.000015)
(4.750000 0.000014)
(4.760000 0.000013)
(4.770000 0.000012)
(4.780000 0.000012)
(4.790000 0.000012)
(4.800000 0.000011)
(4.810000 0.000011)
(4.820000 0.000010)
(4.830000 0.000010)
(4.840000 0.000010)
(4.850000 0.000010)
(4.860000 0.000010)
(4.870000 0.000011)
(4.880000 0.000011)
(4.890000 0.000011)
(4.900000 0.000011)
(4.910000 0.000012)
(4.920000 0.000012)
(4.930000 0.000012)
(4.940000 0.000012)
(4.950000 0.000012)
(4.960000 0.000013)
(4.970000 0.000013)
(4.980000 0.000013)
(4.990000 0.000012)
(5.000000 0.000012)
(5.010000 0.000009)
(5.020000 0.000009)
(5.030000 0.000010)
(5.040000 0.000013)
(5.050000 0.000017)
(5.060000 0.000022)
(5.070000 0.000031)
(5.080000 0.000044)
(5.090000 0.000058)
(5.100000 0.000070)
(5.110000 0.000083)
(5.120000 0.000094)
(5.130000 0.000101)
(5.140000 0.000108)
(5.150000 0.000115)
(5.160000 0.000119)
(5.170000 0.000119)
(5.180000 0.000121)
(5.190000 0.000120)
(5.200000 0.000119)
(5.210000 0.000119)
(5.220000 0.000116)
(5.230000 0.000111)
(5.240000 0.000107)
(5.250000 0.000101)
(5.260000 0.000095)
(5.270000 0.000090)
(5.280000 0.000085)
(5.290000 0.000080)
(5.300000 0.000075)
(5.310000 0.000070)
(5.320000 0.000065)
(5.330000 0.000060)
(5.340000 0.000054)
(5.350000 0.000049)
(5.360000 0.000042)
(5.370000 0.000037)
(5.380000 0.000030)
(5.390000 0.000025)
(5.400000 0.000020)
(5.410000 0.000015)
(5.420000 0.000010)
(5.430000 0.000009)
(5.440000 0.000008)
(5.450000 0.000007)
(5.460000 0.000007)
(5.470000 0.000007)
(5.480000 0.000007)
(5.490000 0.000007)
(5.500000 0.000008)
(5.510000 0.000009)
(5.520000 0.000009)
(5.530000 0.000010)
(5.540000 0.000011)
(5.550000 0.000012)
(5.560000 0.000013)
(5.570000 0.000013)
(5.580000 0.000014)
(5.590000 0.000014)
(5.600000 0.000014)
(5.610000 0.000015)
(5.620000 0.000015)
(5.630000 0.000015)
(5.640000 0.000015)
(5.650000 0.000016)
(5.660000 0.000016)
(5.670000 0.000017)
(5.680000 0.000017)
(5.690000 0.000018)
(5.700000 0.000018)
(5.710000 0.000018)
(5.720000 0.000017)
(5.730000 0.000016)
(5.740000 0.000015)
(5.750000 0.000014)
(5.760000 0.000013)
(5.770000 0.000012)
(5.780000 0.000012)
(5.790000 0.000012)
(5.800000 0.000011)
(5.810000 0.000011)
(5.820000 0.000010)
(5.830000 0.000010)
(5.840000 0.000010)
(5.850000 0.000010)
(5.860000 0.000010)
(5.870000 0.000011)
(5.880000 0.000011)
(5.890000 0.000011)
(5.900000 0.000011)
(5.910000 0.000012)
(5.920000 0.000012)
(5.930000 0.000012)
(5.940000 0.000012)
(5.950000 0.000012)
(5.960000 0.000013)
(5.970000 0.000013)
(5.980000 0.000013)
(5.990000 0.000012)
(6.000000 0.000012)
(6.010000 0.000009)
(6.020000 0.000009)
(6.030000 0.000010)
(6.040000 0.000013)
(6.050000 0.000017)
(6.060000 0.000022)
(6.070000 0.000031)
(6.080000 0.000044)
(6.090000 0.000058)
(6.100000 0.000070)
(6.110000 0.000083)
(6.120000 0.000094)
(6.130000 0.000101)
(6.140000 0.000108)
(6.150000 0.000115)
(6.160000 0.000119)
(6.170000 0.000119)
(6.180000 0.000121)
(6.190000 0.000120)
(6.200000 0.000119)
(6.210000 0.000119)
(6.220000 0.000116)
(6.230000 0.000111)
(6.240000 0.000107)
(6.250000 0.000101)
(6.260000 0.000095)
(6.270000 0.000090)
(6.280000 0.000085)
(6.290000 0.000080)
(6.300000 0.000075)
(6.310000 0.000070)
(6.320000 0.000065)
(6.330000 0.000060)
(6.340000 0.000054)
(6.350000 0.000049)
(6.360000 0.000042)
(6.370000 0.000037)
(6.380000 0.000030)
(6.390000 0.000025)
(6.400000 0.000020)
(6.410000 0.000015)
(6.420000 0.000010)
(6.430000 0.000009)
(6.440000 0.000008)
(6.450000 0.000007)
(6.460000 0.000007)
(6.470000 0.000007)
(6.480000 0.000007)
(6.490000 0.000007)
(6.500000 0.000008)
(6.510000 0.000009)
(6.520000 0.000009)
(6.530000 0.000010)
(6.540000 0.000011)
(6.550000 0.000012)
(6.560000 0.000013)
(6.570000 0.000013)
(6.580000 0.000014)
(6.590000 0.000014)
(6.600000 0.000014)
(6.610000 0.000015)
(6.620000 0.000015)
(6.630000 0.000015)
(6.640000 0.000015)
(6.650000 0.000016)
(6.660000 0.000016)
(6.670000 0.000017)
(6.680000 0.000017)
(6.690000 0.000018)
(6.700000 0.000018)
(6.710000 0.000018)
(6.720000 0.000017)
(6.730000 0.000016)
(6.740000 0.000015)
(6.750000 0.000014)
(6.760000 0.000013)
(6.770000 0.000012)
(6.780000 0.000012)
(6.790000 0.000012)
(6.800000 0.000011)
(6.810000 0.000011)
(6.820000 0.000010)
(6.830000 0.000010)
(6.840000 0.000010)
(6.850000 0.000010)
(6.860000 0.000010)
(6.870000 0.000011)
(6.880000 0.000011)
(6.890000 0.000011)
(6.900000 0.000011)
(6.910000 0.000012)
(6.920000 0.000012)
(6.930000 0.000012)
(6.940000 0.000012)
(6.950000 0.000012)
(6.960000 0.000013)
(6.970000 0.000013)
(6.980000 0.000013)
(6.990000 0.000012)
(7.000000 0.000012)
(7.010000 0.000009)
(7.020000 0.000009)
(7.030000 0.000010)
(7.040000 0.000013)
(7.050000 0.000017)
(7.060000 0.000022)
(7.070000 0.000031)
(7.080000 0.000044)
(7.090000 0.000058)
(7.100000 0.000070)
(7.110000 0.000083)
(7.120000 0.000094)
(7.130000 0.000101)
(7.140000 0.000108)
(7.150000 0.000115)
(7.160000 0.000119)
(7.170000 0.000119)
(7.180000 0.000121)
(7.190000 0.000120)
(7.200000 0.000119)
(7.210000 0.000119)
(7.220000 0.000116)
(7.230000 0.000111)
(7.240000 0.000107)
(7.250000 0.000101)
(7.260000 0.000095)
(7.270000 0.000090)
(7.280000 0.000085)
(7.290000 0.000080)
(7.300000 0.000075)
(7.310000 0.000070)
(7.320000 0.000065)
(7.330000 0.000060)
(7.340000 0.000054)
(7.350000 0.000049)
(7.360000 0.000042)
(7.370000 0.000037)
(7.380000 0.000030)
(7.390000 0.000025)
(7.400000 0.000020)
(7.410000 0.000015)
(7.420000 0.000010)
(7.430000 0.000009)
(7.440000 0.000008)
(7.450000 0.000007)
(7.460000 0.000007)
(7.470000 0.000007)
(7.480000 0.000007)
(7.490000 0.000007)
(7.500000 0.000008)
(7.510000 0.000009)
(7.520000 0.000009)
(7.530000 0.000010)
(7.540000 0.000011)
(7.550000 0.000012)
(7.560000 0.000013)
(7.570000 0.000013)
(7.580000 0.000014)
(7.590000 0.000014)
(7.600000 0.000014)
(7.610000 0.000015)
(7.620000 0.000015)
(7.630000 0.000015)
(7.640000 0.000015)
(7.650000 0.000016)
(7.660000 0.000016)
(7.670000 0.000017)
(7.680000 0.000017)
(7.690000 0.000018)
(7.700000 0.000018)
(7.710000 0.000018)
(7.720000 0.000017)
(7.730000 0.000016)
(7.740000 0.000015)
(7.750000 0.000014)
(7.760000 0.000013)
(7.770000 0.000012)
(7.780000 0.000012)
(7.790000 0.000012)
(7.800000 0.000011)
(7.810000 0.000011)
(7.820000 0.000010)
(7.830000 0.000010)
(7.840000 0.000010)
(7.850000 0.000010)
(7.860000 0.000010)
(7.870000 0.000011)
(7.880000 0.000011)
(7.890000 0.000011)
(7.900000 0.000011)
(7.910000 0.000012)
(7.920000 0.000012)
(7.930000 0.000012)
(7.940000 0.000012)
(7.950000 0.000012)
(7.960000 0.000013)
(7.970000 0.000013)
(7.980000 0.000013)
(7.990000 0.000012)
(8.000000 0.000012)
(8.010000 0.000009)
(8.020000 0.000009)
(8.030000 0.000010)
(8.040000 0.000013)
(8.050000 0.000017)
(8.060000 0.000022)
(8.070000 0.000031)
(8.080000 0.000044)
(8.090000 0.000058)
(8.100000 0.000070)
(8.110000 0.000083)
(8.120000 0.000094)
(8.130000 0.000101)
(8.140000 0.000108)
(8.150000 0.000115)
(8.160000 0.000119)
(8.170000 0.000119)
(8.180000 0.000121)
(8.190000 0.000120)
(8.200000 0.000119)
(8.210000 0.000119)
(8.220000 0.000116)
(8.230000 0.000111)
(8.240000 0.000107)
(8.250000 0.000101)
(8.260000 0.000095)
(8.270000 0.000090)
(8.280000 0.000085)
(8.290000 0.000080)
(8.300000 0.000075)
(8.310000 0.000070)
(8.320000 0.000065)
(8.330000 0.000060)
(8.340000 0.000054)
(8.350000 0.000049)
(8.360000 0.000042)
(8.370000 0.000037)
(8.380000 0.000030)
(8.390000 0.000025)
(8.400000 0.000020)
(8.410000 0.000015)
(8.420000 0.000010)
(8.430000 0.000009)
(8.440000 0.000008)
(8.450000 0.000007)
(8.460000 0.000007)
(8.470000 0.000007)
(8.480000 0.000007)
(8.490000 0.000007)
(8.500000 0.000008)
(8.510000 0.000009)
(8.520000 0.000009)
(8.530000 0.000010)
(8.540000 0.000011)
(8.550000 0.000012)
(8.560000 0.000013)
(8.570000 0.000013)
(8.580000 0.000014)
(8.590000 0.000014)
(8.600000 0.000014)
(8.610000 0.000015)
(8.620000 0.000015)
(8.630000 0.000015)
(8.640000 0.000015)
(8.650000 0.000016)
(8.660000 0.000016)
(8.670000 0.000017)
(8.680000 0.000017)
(8.690000 0.000018)
(8.700000 0.000018)
(8.710000 0.000018)
(8.720000 0.000017)
(8.730000 0.000016)
(8.740000 0.000015)
(8.750000 0.000014)
(8.760000 0.000013)
(8.770000 0.000012)
(8.780000 0.000012)
(8.790000 0.000012)
(8.800000 0.000011)
(8.810000 0.000011)
(8.820000 0.000010)
(8.830000 0.000010)
(8.840000 0.000010)
(8.850000 0.000010)
(8.860000 0.000010)
(8.870000 0.000011)
(8.880000 0.000011)
(8.890000 0.000011)
(8.900000 0.000011)
(8.910000 0.000012)
(8.920000 0.000012)
(8.930000 0.000012)
(8.940000 0.000012)
(8.950000 0.000012)
(8.960000 0.000013)
(8.970000 0.000013)
(8.980000 0.000013)
(8.990000 0.000012)
(9.000000 0.000012)
(9.010000 0.000009)
(9.020000 0.000009)
(9.030000 0.000010)
(9.040000 0.000013)
(9.050000 0.000017)
(9.060000 0.000022)
(9.070000 0.000031)
(9.080000 0.000044)
(9.090000 0.000058)
(9.100000 0.000070)
(9.110000 0.000083)
(9.120000 0.000094)
(9.130000 0.000101)
(9.140000 0.000108)
(9.150000 0.000115)
(9.160000 0.000119)
(9.170000 0.000119)
(9.180000 0.000121)
(9.190000 0.000120)
(9.200000 0.000119)
(9.210000 0.000119)
(9.220000 0.000116)
(9.230000 0.000111)
(9.240000 0.000107)
(9.250000 0.000101)
(9.260000 0.000095)
(9.270000 0.000090)
(9.280000 0.000085)
(9.290000 0.000080)
(9.300000 0.000075)
(9.310000 0.000070)
(9.320000 0.000065)
(9.330000 0.000060)
(9.340000 0.000054)
(9.350000 0.000049)
(9.360000 0.000042)
(9.370000 0.000037)
(9.380000 0.000030)
(9.390000 0.000025)
(9.400000 0.000020)
(9.410000 0.000015)
(9.420000 0.000010)
(9.430000 0.000009)
(9.440000 0.000008)
(9.450000 0.000007)
(9.460000 0.000007)
(9.470000 0.000007)
(9.480000 0.000007)
(9.490000 0.000007)
(9.500000 0.000008)
(9.510000 0.000009)
(9.520000 0.000009)
(9.530000 0.000010)
(9.540000 0.000011)
(9.550000 0.000012)
(9.560000 0.000013)
(9.570000 0.000013)
(9.580000 0.000014)
(9.590000 0.000014)
(9.600000 0.000014)
(9.610000 0.000015)
(9.620000 0.000015)
(9.630000 0.000015)
(9.640000 0.000015)
(9.650000 0.000016)
(9.660000 0.000016)
(9.670000 0.000017)
(9.680000 0.000017)
(9.690000 0.000018)
(9.700000 0.000018)
(9.710000 0.000018)
(9.720000 0.000017)
(9.730000 0.000016)
(9.740000 0.000015)
(9.750000 0.000014)
(9.760000 0.000013)
(9.770000 0.000012)
(9.780000 0.000012)
(9.790000 0.000012)
(9.800000 0.000011)
(9.810000 0.000011)
(9.820000 0.000010)
(9.830000 0.000010)
(9.840000 0.000010)
(9.850000 0.000010)
(9.860000 0.000010)
(9.870000 0.000011)
(9.880000 0.000011)
(9.890000 0.000011)
(9.900000 0.000011)
(9.910000 0.000012)
(9.920000 0.000012)
(9.930000 0.000012)
(9.940000 0.000012)
(9.950000 0.000012)
(9.960000 0.000013)
(9.970000 0.000013)
(9.980000 0.000013)
(9.990000 0.000012)
(10.000000 0.000012)
(10.010000 0.000009)
(10.020000 0.000009)
(10.030000 0.000010)
(10.040000 0.000013)
(10.050000 0.000017)
(10.060000 0.000022)
(10.070000 0.000031)
(10.080000 0.000044)
(10.090000 0.000058)
(10.100000 0.000070)
(10.110000 0.000083)
(10.120000 0.000094)
(10.130000 0.000101)
(10.140000 0.000108)
(10.150000 0.000115)
(10.160000 0.000119)
(10.170000 0.000119)
(10.180000 0.000121)
(10.190000 0.000120)
(10.200000 0.000119)
(10.210000 0.000119)
(10.220000 0.000116)
(10.230000 0.000111)
(10.240000 0.000107)
(10.250000 0.000101)
(10.260000 0.000095)
(10.270000 0.000090)
(10.280000 0.000085)
(10.290000 0.000080)
(10.300000 0.000075)
(10.310000 0.000070)
(10.320000 0.000065)
(10.330000 0.000060)
(10.340000 0.000054)
(10.350000 0.000049)
(10.360000 0.000042)
(10.370000 0.000037)
(10.380000 0.000030)
(10.390000 0.000025)
(10.400000 0.000020)
(10.410000 0.000015)
(10.420000 0.000010)
(10.430000 0.000009)
(10.440000 0.000008)
(10.450000 0.000007)
(10.460000 0.000007)
(10.470000 0.000007)
(10.480000 0.000007)
(10.490000 0.000007)
(10.500000 0.000008)
(10.510000 0.000009)
(10.520000 0.000009)
(10.530000 0.000010)
(10.540000 0.000011)
(10.550000 0.000012)
(10.560000 0.000013)
(10.570000 0.000013)
(10.580000 0.000014)
(10.590000 0.000014)
(10.600000 0.000014)
(10.610000 0.000015)
(10.620000 0.000015)
(10.630000 0.000015)
(10.640000 0.000015)
(10.650000 0.000016)
(10.660000 0.000016)
(10.670000 0.000017)
(10.680000 0.000017)
(10.690000 0.000018)
(10.700000 0.000018)
(10.710000 0.000018)
(10.720000 0.000017)
(10.730000 0.000016)
(10.740000 0.000015)
(10.750000 0.000014)
(10.760000 0.000013)
(10.770000 0.000012)
(10.780000 0.000012)
(10.790000 0.000012)
(10.800000 0.000011)
(10.810000 0.000011)
(10.820000 0.000010)
(10.830000 0.000010)
(10.840000 0.000010)
(10.850000 0.000010)
(10.860000 0.000010)
(10.870000 0.000011)
(10.880000 0.000011)
(10.890000 0.000011)
(10.900000 0.000011)
(10.910000 0.000012)
(10.920000 0.000012)
(10.930000 0.000012)
(10.940000 0.000012)
(10.950000 0.000012)
(10.960000 0.000013)
(10.970000 0.000013)
(10.980000 0.000013)
(10.990000 0.000012)
(11.000000 0.000012)
)
